[0.7237468644557459, 0.3359684204526464, 0.5048267902790239, 0.25717224993681986]
[0.9999999999999998]
[0.2887751433054504, 0.3293683097741546, 0.3961779359794749, 0.3901951463719817, 0.4678877204190327, 0.5140664006373732, 0.4791588771933894, 0.4172177157629868, 0.38359763704583366, 0.26436351845152517, 0.47847133369733996]
[0.2887751433054504, 0.3293683097741546, 0.3961779359794749, 0.3901951463719817, 0.4678877204190327, 0.5140664006373732, 0.4791588771933894, 0.4172177157629868, 0.38359763704583366, 0.26436351845152517, 0.47847133369733996]
[0.4355163866123253, 0.4558423058385518, 0.6225430174794672, 0.45663301294771547, 0.2872134789517764, 0.5968491905238343]
[0.2637521893583148, 0.29611004613199104, 0.3426241444320965, 0.29672121302810417, 0.5329708913388167, 0.632611751754975]
[0.41882337846853523, 0.4433944513137059, 0.23570226039551587, 0.5910967041703311, 0.23570226039551587, 0.5844035592798428]
[0.3229875967499697, 0.12422599874998833, 0.23002185311411807, 0.38423598538512593, 0.22019275302527214, 0.48304589153964794, 0.4726117046390445, 0.34569664858008986, 0.2732971972499743, 0.27524094128159016, 0.20701966780270628, 0.4128614119223853]
[0.16180142969173938, 0.4949976004329608, 0.344194371727065, 0.5720544407035365, 0.35493233751274106, 0.21512148232941566, 0.4288289061726491, 0.6238110863820974, 0.23371317622140134, 0.3657065199600066]
[0.5722930891116556, 0.6287677132370127, 0.5298404448604945]
[0.4065175003046483, 0.30027309973793775, 0.27198420879908736, 0.42551800639983706, 0.14784425419091457, 0.4878611485900289, 0.4909008113227936, 0.3508260159147593, 0.30027309973793775, 0.3515413726662778, 0.0924026588693216, 0.31148713261505195, 0.44128701263589526, 0.3412194315203838]
[0.6043611668407968, 0.506733622988661, 0.43786789516723734, 0.24824776236681664, 0.2221716758520002, 0.23405023491195023, 0.4727583006636091, 0.6912057487997104, 0.2266181654974792, 0.24200057598675023, 0.3975145587404234, 0.21976639905657921, 0.09750978532708687, 0.39313008596868537, 0.48822059932140605, 0.3822759265437949, 0.3897832446556642, 0.41917956911990667]
[0.5895391343901129, 0.505035373756076, 0.3490050304482666, 0.5758289219624358, 0.5821057616915385, 0.5977096103538991, 0.2549193760626269]
